{
 "cells": [
  {
   "cell_type": "code",
   "execution_count": 1,
   "metadata": {},
   "outputs": [],
   "source": [
    "import pandas as pd"
   ]
  },
  {
   "cell_type": "code",
   "execution_count": 2,
   "metadata": {},
   "outputs": [
    {
     "data": {
      "text/html": [
       "<div>\n",
       "<style scoped>\n",
       "    .dataframe tbody tr th:only-of-type {\n",
       "        vertical-align: middle;\n",
       "    }\n",
       "\n",
       "    .dataframe tbody tr th {\n",
       "        vertical-align: top;\n",
       "    }\n",
       "\n",
       "    .dataframe thead th {\n",
       "        text-align: right;\n",
       "    }\n",
       "</style>\n",
       "<table border=\"1\" class=\"dataframe\">\n",
       "  <thead>\n",
       "    <tr style=\"text-align: right;\">\n",
       "      <th></th>\n",
       "      <th>State</th>\n",
       "      <th>AgentType</th>\n",
       "      <th>Source</th>\n",
       "      <th>Solved</th>\n",
       "      <th>YearInterval</th>\n",
       "      <th>Season</th>\n",
       "      <th>ActionType</th>\n",
       "      <th>Homicide</th>\n",
       "      <th>Situation</th>\n",
       "      <th>VicAge</th>\n",
       "      <th>...</th>\n",
       "      <th>VicRace</th>\n",
       "      <th>VicEthnic</th>\n",
       "      <th>OffAge</th>\n",
       "      <th>OffSex</th>\n",
       "      <th>OffRace</th>\n",
       "      <th>OffEthnic</th>\n",
       "      <th>Weapon</th>\n",
       "      <th>Relationship</th>\n",
       "      <th>Circumstance</th>\n",
       "      <th>VicCount</th>\n",
       "    </tr>\n",
       "  </thead>\n",
       "  <tbody>\n",
       "    <tr>\n",
       "      <th>0</th>\n",
       "      <td>1</td>\n",
       "      <td>3</td>\n",
       "      <td>0</td>\n",
       "      <td>1</td>\n",
       "      <td>0</td>\n",
       "      <td>0</td>\n",
       "      <td>0</td>\n",
       "      <td>1</td>\n",
       "      <td>0</td>\n",
       "      <td>48</td>\n",
       "      <td>...</td>\n",
       "      <td>0</td>\n",
       "      <td>0</td>\n",
       "      <td>55</td>\n",
       "      <td>1</td>\n",
       "      <td>0</td>\n",
       "      <td>0</td>\n",
       "      <td>8</td>\n",
       "      <td>1</td>\n",
       "      <td>24</td>\n",
       "      <td>0</td>\n",
       "    </tr>\n",
       "    <tr>\n",
       "      <th>1</th>\n",
       "      <td>0</td>\n",
       "      <td>1</td>\n",
       "      <td>0</td>\n",
       "      <td>1</td>\n",
       "      <td>0</td>\n",
       "      <td>0</td>\n",
       "      <td>0</td>\n",
       "      <td>1</td>\n",
       "      <td>0</td>\n",
       "      <td>65</td>\n",
       "      <td>...</td>\n",
       "      <td>2</td>\n",
       "      <td>0</td>\n",
       "      <td>67</td>\n",
       "      <td>2</td>\n",
       "      <td>2</td>\n",
       "      <td>0</td>\n",
       "      <td>15</td>\n",
       "      <td>1</td>\n",
       "      <td>12</td>\n",
       "      <td>0</td>\n",
       "    </tr>\n",
       "    <tr>\n",
       "      <th>2</th>\n",
       "      <td>0</td>\n",
       "      <td>1</td>\n",
       "      <td>0</td>\n",
       "      <td>1</td>\n",
       "      <td>0</td>\n",
       "      <td>0</td>\n",
       "      <td>0</td>\n",
       "      <td>1</td>\n",
       "      <td>0</td>\n",
       "      <td>45</td>\n",
       "      <td>...</td>\n",
       "      <td>2</td>\n",
       "      <td>0</td>\n",
       "      <td>53</td>\n",
       "      <td>2</td>\n",
       "      <td>2</td>\n",
       "      <td>0</td>\n",
       "      <td>15</td>\n",
       "      <td>1</td>\n",
       "      <td>22</td>\n",
       "      <td>0</td>\n",
       "    </tr>\n",
       "    <tr>\n",
       "      <th>3</th>\n",
       "      <td>0</td>\n",
       "      <td>1</td>\n",
       "      <td>0</td>\n",
       "      <td>1</td>\n",
       "      <td>0</td>\n",
       "      <td>0</td>\n",
       "      <td>0</td>\n",
       "      <td>1</td>\n",
       "      <td>0</td>\n",
       "      <td>43</td>\n",
       "      <td>...</td>\n",
       "      <td>2</td>\n",
       "      <td>0</td>\n",
       "      <td>35</td>\n",
       "      <td>1</td>\n",
       "      <td>2</td>\n",
       "      <td>0</td>\n",
       "      <td>8</td>\n",
       "      <td>1</td>\n",
       "      <td>24</td>\n",
       "      <td>0</td>\n",
       "    </tr>\n",
       "    <tr>\n",
       "      <th>4</th>\n",
       "      <td>0</td>\n",
       "      <td>1</td>\n",
       "      <td>0</td>\n",
       "      <td>1</td>\n",
       "      <td>0</td>\n",
       "      <td>0</td>\n",
       "      <td>1</td>\n",
       "      <td>1</td>\n",
       "      <td>0</td>\n",
       "      <td>35</td>\n",
       "      <td>...</td>\n",
       "      <td>5</td>\n",
       "      <td>0</td>\n",
       "      <td>25</td>\n",
       "      <td>1</td>\n",
       "      <td>5</td>\n",
       "      <td>0</td>\n",
       "      <td>16</td>\n",
       "      <td>1</td>\n",
       "      <td>10</td>\n",
       "      <td>0</td>\n",
       "    </tr>\n",
       "    <tr>\n",
       "      <th>...</th>\n",
       "      <td>...</td>\n",
       "      <td>...</td>\n",
       "      <td>...</td>\n",
       "      <td>...</td>\n",
       "      <td>...</td>\n",
       "      <td>...</td>\n",
       "      <td>...</td>\n",
       "      <td>...</td>\n",
       "      <td>...</td>\n",
       "      <td>...</td>\n",
       "      <td>...</td>\n",
       "      <td>...</td>\n",
       "      <td>...</td>\n",
       "      <td>...</td>\n",
       "      <td>...</td>\n",
       "      <td>...</td>\n",
       "      <td>...</td>\n",
       "      <td>...</td>\n",
       "      <td>...</td>\n",
       "      <td>...</td>\n",
       "      <td>...</td>\n",
       "    </tr>\n",
       "    <tr>\n",
       "      <th>868475</th>\n",
       "      <td>50</td>\n",
       "      <td>5</td>\n",
       "      <td>0</td>\n",
       "      <td>1</td>\n",
       "      <td>2</td>\n",
       "      <td>2</td>\n",
       "      <td>0</td>\n",
       "      <td>1</td>\n",
       "      <td>4</td>\n",
       "      <td>27</td>\n",
       "      <td>...</td>\n",
       "      <td>5</td>\n",
       "      <td>1</td>\n",
       "      <td>26</td>\n",
       "      <td>2</td>\n",
       "      <td>5</td>\n",
       "      <td>1</td>\n",
       "      <td>7</td>\n",
       "      <td>1</td>\n",
       "      <td>21</td>\n",
       "      <td>1</td>\n",
       "    </tr>\n",
       "    <tr>\n",
       "      <th>868476</th>\n",
       "      <td>50</td>\n",
       "      <td>1</td>\n",
       "      <td>0</td>\n",
       "      <td>1</td>\n",
       "      <td>2</td>\n",
       "      <td>3</td>\n",
       "      <td>0</td>\n",
       "      <td>0</td>\n",
       "      <td>0</td>\n",
       "      <td>32</td>\n",
       "      <td>...</td>\n",
       "      <td>5</td>\n",
       "      <td>1</td>\n",
       "      <td>34</td>\n",
       "      <td>2</td>\n",
       "      <td>5</td>\n",
       "      <td>1</td>\n",
       "      <td>9</td>\n",
       "      <td>1</td>\n",
       "      <td>1</td>\n",
       "      <td>0</td>\n",
       "    </tr>\n",
       "    <tr>\n",
       "      <th>868477</th>\n",
       "      <td>50</td>\n",
       "      <td>1</td>\n",
       "      <td>0</td>\n",
       "      <td>1</td>\n",
       "      <td>2</td>\n",
       "      <td>2</td>\n",
       "      <td>0</td>\n",
       "      <td>1</td>\n",
       "      <td>4</td>\n",
       "      <td>36</td>\n",
       "      <td>...</td>\n",
       "      <td>5</td>\n",
       "      <td>1</td>\n",
       "      <td>51</td>\n",
       "      <td>2</td>\n",
       "      <td>5</td>\n",
       "      <td>1</td>\n",
       "      <td>7</td>\n",
       "      <td>1</td>\n",
       "      <td>22</td>\n",
       "      <td>1</td>\n",
       "    </tr>\n",
       "    <tr>\n",
       "      <th>868478</th>\n",
       "      <td>50</td>\n",
       "      <td>1</td>\n",
       "      <td>0</td>\n",
       "      <td>1</td>\n",
       "      <td>2</td>\n",
       "      <td>2</td>\n",
       "      <td>0</td>\n",
       "      <td>1</td>\n",
       "      <td>4</td>\n",
       "      <td>39</td>\n",
       "      <td>...</td>\n",
       "      <td>5</td>\n",
       "      <td>1</td>\n",
       "      <td>51</td>\n",
       "      <td>2</td>\n",
       "      <td>5</td>\n",
       "      <td>1</td>\n",
       "      <td>7</td>\n",
       "      <td>1</td>\n",
       "      <td>22</td>\n",
       "      <td>1</td>\n",
       "    </tr>\n",
       "    <tr>\n",
       "      <th>868479</th>\n",
       "      <td>50</td>\n",
       "      <td>5</td>\n",
       "      <td>0</td>\n",
       "      <td>1</td>\n",
       "      <td>2</td>\n",
       "      <td>2</td>\n",
       "      <td>0</td>\n",
       "      <td>1</td>\n",
       "      <td>0</td>\n",
       "      <td>22</td>\n",
       "      <td>...</td>\n",
       "      <td>5</td>\n",
       "      <td>1</td>\n",
       "      <td>50</td>\n",
       "      <td>2</td>\n",
       "      <td>5</td>\n",
       "      <td>1</td>\n",
       "      <td>7</td>\n",
       "      <td>1</td>\n",
       "      <td>24</td>\n",
       "      <td>0</td>\n",
       "    </tr>\n",
       "  </tbody>\n",
       "</table>\n",
       "<p>868480 rows × 21 columns</p>\n",
       "</div>"
      ],
      "text/plain": [
       "        State  AgentType  Source  Solved  YearInterval  Season  ActionType  \\\n",
       "0           1          3       0       1             0       0           0   \n",
       "1           0          1       0       1             0       0           0   \n",
       "2           0          1       0       1             0       0           0   \n",
       "3           0          1       0       1             0       0           0   \n",
       "4           0          1       0       1             0       0           1   \n",
       "...       ...        ...     ...     ...           ...     ...         ...   \n",
       "868475     50          5       0       1             2       2           0   \n",
       "868476     50          1       0       1             2       3           0   \n",
       "868477     50          1       0       1             2       2           0   \n",
       "868478     50          1       0       1             2       2           0   \n",
       "868479     50          5       0       1             2       2           0   \n",
       "\n",
       "        Homicide  Situation  VicAge  ...  VicRace  VicEthnic  OffAge  OffSex  \\\n",
       "0              1          0      48  ...        0          0      55       1   \n",
       "1              1          0      65  ...        2          0      67       2   \n",
       "2              1          0      45  ...        2          0      53       2   \n",
       "3              1          0      43  ...        2          0      35       1   \n",
       "4              1          0      35  ...        5          0      25       1   \n",
       "...          ...        ...     ...  ...      ...        ...     ...     ...   \n",
       "868475         1          4      27  ...        5          1      26       2   \n",
       "868476         0          0      32  ...        5          1      34       2   \n",
       "868477         1          4      36  ...        5          1      51       2   \n",
       "868478         1          4      39  ...        5          1      51       2   \n",
       "868479         1          0      22  ...        5          1      50       2   \n",
       "\n",
       "        OffRace  OffEthnic  Weapon  Relationship  Circumstance  VicCount  \n",
       "0             0          0       8             1            24         0  \n",
       "1             2          0      15             1            12         0  \n",
       "2             2          0      15             1            22         0  \n",
       "3             2          0       8             1            24         0  \n",
       "4             5          0      16             1            10         0  \n",
       "...         ...        ...     ...           ...           ...       ...  \n",
       "868475        5          1       7             1            21         1  \n",
       "868476        5          1       9             1             1         0  \n",
       "868477        5          1       7             1            22         1  \n",
       "868478        5          1       7             1            22         1  \n",
       "868479        5          1       7             1            24         0  \n",
       "\n",
       "[868480 rows x 21 columns]"
      ]
     },
     "metadata": {},
     "output_type": "display_data"
    }
   ],
   "source": [
    "data = pd.read_csv(\"../dataset-versions/murders-cleaned.csv\")\n",
    "display(data)"
   ]
  },
  {
   "cell_type": "code",
   "execution_count": 3,
   "metadata": {},
   "outputs": [],
   "source": [
    "label = 'Relationship'"
   ]
  },
  {
   "cell_type": "code",
   "execution_count": 4,
   "metadata": {},
   "outputs": [],
   "source": [
    "corr_matrix = data.corr()\n",
    "corr_with_target = corr_matrix[label]"
   ]
  },
  {
   "cell_type": "code",
   "execution_count": 5,
   "metadata": {},
   "outputs": [],
   "source": [
    "k = 16\n",
    "top_k = corr_with_target.abs().sort_values(ascending=False)[:k].index\n",
    "selected_features = data[top_k]"
   ]
  },
  {
   "cell_type": "code",
   "execution_count": 6,
   "metadata": {},
   "outputs": [
    {
     "data": {
      "text/html": [
       "<div>\n",
       "<style scoped>\n",
       "    .dataframe tbody tr th:only-of-type {\n",
       "        vertical-align: middle;\n",
       "    }\n",
       "\n",
       "    .dataframe tbody tr th {\n",
       "        vertical-align: top;\n",
       "    }\n",
       "\n",
       "    .dataframe thead th {\n",
       "        text-align: right;\n",
       "    }\n",
       "</style>\n",
       "<table border=\"1\" class=\"dataframe\">\n",
       "  <thead>\n",
       "    <tr style=\"text-align: right;\">\n",
       "      <th></th>\n",
       "      <th>Relationship</th>\n",
       "      <th>Solved</th>\n",
       "      <th>OffSex</th>\n",
       "      <th>Situation</th>\n",
       "      <th>Circumstance</th>\n",
       "      <th>OffEthnic</th>\n",
       "      <th>VicSex</th>\n",
       "      <th>Weapon</th>\n",
       "      <th>AgentType</th>\n",
       "      <th>Source</th>\n",
       "      <th>YearInterval</th>\n",
       "      <th>OffAge</th>\n",
       "      <th>VicRace</th>\n",
       "      <th>State</th>\n",
       "      <th>OffRace</th>\n",
       "      <th>Homicide</th>\n",
       "    </tr>\n",
       "  </thead>\n",
       "  <tbody>\n",
       "    <tr>\n",
       "      <th>Relationship</th>\n",
       "      <td>1.000000</td>\n",
       "      <td>0.563187</td>\n",
       "      <td>0.498252</td>\n",
       "      <td>-0.351093</td>\n",
       "      <td>0.238155</td>\n",
       "      <td>0.231874</td>\n",
       "      <td>-0.175452</td>\n",
       "      <td>0.136328</td>\n",
       "      <td>0.130761</td>\n",
       "      <td>-0.125089</td>\n",
       "      <td>-0.118913</td>\n",
       "      <td>0.116345</td>\n",
       "      <td>0.073593</td>\n",
       "      <td>0.069096</td>\n",
       "      <td>-0.058199</td>\n",
       "      <td>-0.056469</td>\n",
       "    </tr>\n",
       "    <tr>\n",
       "      <th>Solved</th>\n",
       "      <td>0.563187</td>\n",
       "      <td>1.000000</td>\n",
       "      <td>0.949055</td>\n",
       "      <td>-0.550617</td>\n",
       "      <td>0.260730</td>\n",
       "      <td>0.381186</td>\n",
       "      <td>-0.079737</td>\n",
       "      <td>0.112313</td>\n",
       "      <td>0.096675</td>\n",
       "      <td>-0.007258</td>\n",
       "      <td>-0.027747</td>\n",
       "      <td>0.007414</td>\n",
       "      <td>0.085747</td>\n",
       "      <td>0.080195</td>\n",
       "      <td>-0.191980</td>\n",
       "      <td>-0.075434</td>\n",
       "    </tr>\n",
       "    <tr>\n",
       "      <th>OffSex</th>\n",
       "      <td>0.498252</td>\n",
       "      <td>0.949055</td>\n",
       "      <td>1.000000</td>\n",
       "      <td>-0.512065</td>\n",
       "      <td>0.243356</td>\n",
       "      <td>0.376094</td>\n",
       "      <td>-0.080108</td>\n",
       "      <td>0.120564</td>\n",
       "      <td>0.086254</td>\n",
       "      <td>-0.019476</td>\n",
       "      <td>-0.023823</td>\n",
       "      <td>-0.006507</td>\n",
       "      <td>0.090416</td>\n",
       "      <td>0.078419</td>\n",
       "      <td>-0.179378</td>\n",
       "      <td>-0.060836</td>\n",
       "    </tr>\n",
       "    <tr>\n",
       "      <th>Situation</th>\n",
       "      <td>-0.351093</td>\n",
       "      <td>-0.550617</td>\n",
       "      <td>-0.512065</td>\n",
       "      <td>1.000000</td>\n",
       "      <td>-0.155510</td>\n",
       "      <td>-0.217958</td>\n",
       "      <td>-0.004788</td>\n",
       "      <td>-0.075926</td>\n",
       "      <td>-0.022909</td>\n",
       "      <td>-0.012131</td>\n",
       "      <td>0.058803</td>\n",
       "      <td>-0.045274</td>\n",
       "      <td>-0.004329</td>\n",
       "      <td>-0.033507</td>\n",
       "      <td>0.133292</td>\n",
       "      <td>0.058804</td>\n",
       "    </tr>\n",
       "    <tr>\n",
       "      <th>Circumstance</th>\n",
       "      <td>0.238155</td>\n",
       "      <td>0.260730</td>\n",
       "      <td>0.243356</td>\n",
       "      <td>-0.155510</td>\n",
       "      <td>1.000000</td>\n",
       "      <td>0.110327</td>\n",
       "      <td>-0.041147</td>\n",
       "      <td>0.105520</td>\n",
       "      <td>0.019463</td>\n",
       "      <td>0.005669</td>\n",
       "      <td>-0.092543</td>\n",
       "      <td>-0.013275</td>\n",
       "      <td>0.033257</td>\n",
       "      <td>-0.001398</td>\n",
       "      <td>-0.084864</td>\n",
       "      <td>0.147670</td>\n",
       "    </tr>\n",
       "    <tr>\n",
       "      <th>OffEthnic</th>\n",
       "      <td>0.231874</td>\n",
       "      <td>0.381186</td>\n",
       "      <td>0.376094</td>\n",
       "      <td>-0.217958</td>\n",
       "      <td>0.110327</td>\n",
       "      <td>1.000000</td>\n",
       "      <td>-0.003681</td>\n",
       "      <td>0.048123</td>\n",
       "      <td>0.026346</td>\n",
       "      <td>-0.104097</td>\n",
       "      <td>0.042702</td>\n",
       "      <td>-0.024675</td>\n",
       "      <td>0.164213</td>\n",
       "      <td>-0.010023</td>\n",
       "      <td>0.118599</td>\n",
       "      <td>-0.041124</td>\n",
       "    </tr>\n",
       "    <tr>\n",
       "      <th>VicSex</th>\n",
       "      <td>-0.175452</td>\n",
       "      <td>-0.079737</td>\n",
       "      <td>-0.080108</td>\n",
       "      <td>-0.004788</td>\n",
       "      <td>-0.041147</td>\n",
       "      <td>-0.003681</td>\n",
       "      <td>1.000000</td>\n",
       "      <td>0.001739</td>\n",
       "      <td>-0.070422</td>\n",
       "      <td>-0.004631</td>\n",
       "      <td>0.011883</td>\n",
       "      <td>-0.145370</td>\n",
       "      <td>-0.107328</td>\n",
       "      <td>-0.023887</td>\n",
       "      <td>-0.051427</td>\n",
       "      <td>0.019866</td>\n",
       "    </tr>\n",
       "    <tr>\n",
       "      <th>Weapon</th>\n",
       "      <td>0.136328</td>\n",
       "      <td>0.112313</td>\n",
       "      <td>0.120564</td>\n",
       "      <td>-0.075926</td>\n",
       "      <td>0.105520</td>\n",
       "      <td>0.048123</td>\n",
       "      <td>0.001739</td>\n",
       "      <td>1.000000</td>\n",
       "      <td>0.061270</td>\n",
       "      <td>-0.058702</td>\n",
       "      <td>-0.138614</td>\n",
       "      <td>0.015817</td>\n",
       "      <td>0.032442</td>\n",
       "      <td>0.002922</td>\n",
       "      <td>0.018690</td>\n",
       "      <td>0.064539</td>\n",
       "    </tr>\n",
       "    <tr>\n",
       "      <th>AgentType</th>\n",
       "      <td>0.130761</td>\n",
       "      <td>0.096675</td>\n",
       "      <td>0.086254</td>\n",
       "      <td>-0.022909</td>\n",
       "      <td>0.019463</td>\n",
       "      <td>0.026346</td>\n",
       "      <td>-0.070422</td>\n",
       "      <td>0.061270</td>\n",
       "      <td>1.000000</td>\n",
       "      <td>0.048521</td>\n",
       "      <td>0.003191</td>\n",
       "      <td>0.082689</td>\n",
       "      <td>0.204692</td>\n",
       "      <td>0.005343</td>\n",
       "      <td>0.156194</td>\n",
       "      <td>-0.044611</td>\n",
       "    </tr>\n",
       "    <tr>\n",
       "      <th>Source</th>\n",
       "      <td>-0.125089</td>\n",
       "      <td>-0.007258</td>\n",
       "      <td>-0.019476</td>\n",
       "      <td>-0.012131</td>\n",
       "      <td>0.005669</td>\n",
       "      <td>-0.104097</td>\n",
       "      <td>-0.004631</td>\n",
       "      <td>-0.058702</td>\n",
       "      <td>0.048521</td>\n",
       "      <td>1.000000</td>\n",
       "      <td>0.210987</td>\n",
       "      <td>0.012448</td>\n",
       "      <td>-0.007446</td>\n",
       "      <td>-0.207488</td>\n",
       "      <td>0.004162</td>\n",
       "      <td>-0.021999</td>\n",
       "    </tr>\n",
       "    <tr>\n",
       "      <th>YearInterval</th>\n",
       "      <td>-0.118913</td>\n",
       "      <td>-0.027747</td>\n",
       "      <td>-0.023823</td>\n",
       "      <td>0.058803</td>\n",
       "      <td>-0.092543</td>\n",
       "      <td>0.042702</td>\n",
       "      <td>0.011883</td>\n",
       "      <td>-0.138614</td>\n",
       "      <td>0.003191</td>\n",
       "      <td>0.210987</td>\n",
       "      <td>1.000000</td>\n",
       "      <td>0.043006</td>\n",
       "      <td>-0.054017</td>\n",
       "      <td>0.006667</td>\n",
       "      <td>-0.002010</td>\n",
       "      <td>-0.066821</td>\n",
       "    </tr>\n",
       "    <tr>\n",
       "      <th>OffAge</th>\n",
       "      <td>0.116345</td>\n",
       "      <td>0.007414</td>\n",
       "      <td>-0.006507</td>\n",
       "      <td>-0.045274</td>\n",
       "      <td>-0.013275</td>\n",
       "      <td>-0.024675</td>\n",
       "      <td>-0.145370</td>\n",
       "      <td>0.015817</td>\n",
       "      <td>0.082689</td>\n",
       "      <td>0.012448</td>\n",
       "      <td>0.043006</td>\n",
       "      <td>1.000000</td>\n",
       "      <td>0.079962</td>\n",
       "      <td>0.010075</td>\n",
       "      <td>0.129658</td>\n",
       "      <td>0.025846</td>\n",
       "    </tr>\n",
       "    <tr>\n",
       "      <th>VicRace</th>\n",
       "      <td>0.073593</td>\n",
       "      <td>0.085747</td>\n",
       "      <td>0.090416</td>\n",
       "      <td>-0.004329</td>\n",
       "      <td>0.033257</td>\n",
       "      <td>0.164213</td>\n",
       "      <td>-0.107328</td>\n",
       "      <td>0.032442</td>\n",
       "      <td>0.204692</td>\n",
       "      <td>-0.007446</td>\n",
       "      <td>-0.054017</td>\n",
       "      <td>0.079962</td>\n",
       "      <td>1.000000</td>\n",
       "      <td>-0.009041</td>\n",
       "      <td>0.577342</td>\n",
       "      <td>-0.051626</td>\n",
       "    </tr>\n",
       "    <tr>\n",
       "      <th>State</th>\n",
       "      <td>0.069096</td>\n",
       "      <td>0.080195</td>\n",
       "      <td>0.078419</td>\n",
       "      <td>-0.033507</td>\n",
       "      <td>-0.001398</td>\n",
       "      <td>-0.010023</td>\n",
       "      <td>-0.023887</td>\n",
       "      <td>0.002922</td>\n",
       "      <td>0.005343</td>\n",
       "      <td>-0.207488</td>\n",
       "      <td>0.006667</td>\n",
       "      <td>0.010075</td>\n",
       "      <td>-0.009041</td>\n",
       "      <td>1.000000</td>\n",
       "      <td>-0.027641</td>\n",
       "      <td>-0.020784</td>\n",
       "    </tr>\n",
       "    <tr>\n",
       "      <th>OffRace</th>\n",
       "      <td>-0.058199</td>\n",
       "      <td>-0.191980</td>\n",
       "      <td>-0.179378</td>\n",
       "      <td>0.133292</td>\n",
       "      <td>-0.084864</td>\n",
       "      <td>0.118599</td>\n",
       "      <td>-0.051427</td>\n",
       "      <td>0.018690</td>\n",
       "      <td>0.156194</td>\n",
       "      <td>0.004162</td>\n",
       "      <td>-0.002010</td>\n",
       "      <td>0.129658</td>\n",
       "      <td>0.577342</td>\n",
       "      <td>-0.027641</td>\n",
       "      <td>1.000000</td>\n",
       "      <td>-0.044010</td>\n",
       "    </tr>\n",
       "    <tr>\n",
       "      <th>Homicide</th>\n",
       "      <td>-0.056469</td>\n",
       "      <td>-0.075434</td>\n",
       "      <td>-0.060836</td>\n",
       "      <td>0.058804</td>\n",
       "      <td>0.147670</td>\n",
       "      <td>-0.041124</td>\n",
       "      <td>0.019866</td>\n",
       "      <td>0.064539</td>\n",
       "      <td>-0.044611</td>\n",
       "      <td>-0.021999</td>\n",
       "      <td>-0.066821</td>\n",
       "      <td>0.025846</td>\n",
       "      <td>-0.051626</td>\n",
       "      <td>-0.020784</td>\n",
       "      <td>-0.044010</td>\n",
       "      <td>1.000000</td>\n",
       "    </tr>\n",
       "  </tbody>\n",
       "</table>\n",
       "</div>"
      ],
      "text/plain": [
       "              Relationship    Solved    OffSex  Situation  Circumstance  \\\n",
       "Relationship      1.000000  0.563187  0.498252  -0.351093      0.238155   \n",
       "Solved            0.563187  1.000000  0.949055  -0.550617      0.260730   \n",
       "OffSex            0.498252  0.949055  1.000000  -0.512065      0.243356   \n",
       "Situation        -0.351093 -0.550617 -0.512065   1.000000     -0.155510   \n",
       "Circumstance      0.238155  0.260730  0.243356  -0.155510      1.000000   \n",
       "OffEthnic         0.231874  0.381186  0.376094  -0.217958      0.110327   \n",
       "VicSex           -0.175452 -0.079737 -0.080108  -0.004788     -0.041147   \n",
       "Weapon            0.136328  0.112313  0.120564  -0.075926      0.105520   \n",
       "AgentType         0.130761  0.096675  0.086254  -0.022909      0.019463   \n",
       "Source           -0.125089 -0.007258 -0.019476  -0.012131      0.005669   \n",
       "YearInterval     -0.118913 -0.027747 -0.023823   0.058803     -0.092543   \n",
       "OffAge            0.116345  0.007414 -0.006507  -0.045274     -0.013275   \n",
       "VicRace           0.073593  0.085747  0.090416  -0.004329      0.033257   \n",
       "State             0.069096  0.080195  0.078419  -0.033507     -0.001398   \n",
       "OffRace          -0.058199 -0.191980 -0.179378   0.133292     -0.084864   \n",
       "Homicide         -0.056469 -0.075434 -0.060836   0.058804      0.147670   \n",
       "\n",
       "              OffEthnic    VicSex    Weapon  AgentType    Source  \\\n",
       "Relationship   0.231874 -0.175452  0.136328   0.130761 -0.125089   \n",
       "Solved         0.381186 -0.079737  0.112313   0.096675 -0.007258   \n",
       "OffSex         0.376094 -0.080108  0.120564   0.086254 -0.019476   \n",
       "Situation     -0.217958 -0.004788 -0.075926  -0.022909 -0.012131   \n",
       "Circumstance   0.110327 -0.041147  0.105520   0.019463  0.005669   \n",
       "OffEthnic      1.000000 -0.003681  0.048123   0.026346 -0.104097   \n",
       "VicSex        -0.003681  1.000000  0.001739  -0.070422 -0.004631   \n",
       "Weapon         0.048123  0.001739  1.000000   0.061270 -0.058702   \n",
       "AgentType      0.026346 -0.070422  0.061270   1.000000  0.048521   \n",
       "Source        -0.104097 -0.004631 -0.058702   0.048521  1.000000   \n",
       "YearInterval   0.042702  0.011883 -0.138614   0.003191  0.210987   \n",
       "OffAge        -0.024675 -0.145370  0.015817   0.082689  0.012448   \n",
       "VicRace        0.164213 -0.107328  0.032442   0.204692 -0.007446   \n",
       "State         -0.010023 -0.023887  0.002922   0.005343 -0.207488   \n",
       "OffRace        0.118599 -0.051427  0.018690   0.156194  0.004162   \n",
       "Homicide      -0.041124  0.019866  0.064539  -0.044611 -0.021999   \n",
       "\n",
       "              YearInterval    OffAge   VicRace     State   OffRace  Homicide  \n",
       "Relationship     -0.118913  0.116345  0.073593  0.069096 -0.058199 -0.056469  \n",
       "Solved           -0.027747  0.007414  0.085747  0.080195 -0.191980 -0.075434  \n",
       "OffSex           -0.023823 -0.006507  0.090416  0.078419 -0.179378 -0.060836  \n",
       "Situation         0.058803 -0.045274 -0.004329 -0.033507  0.133292  0.058804  \n",
       "Circumstance     -0.092543 -0.013275  0.033257 -0.001398 -0.084864  0.147670  \n",
       "OffEthnic         0.042702 -0.024675  0.164213 -0.010023  0.118599 -0.041124  \n",
       "VicSex            0.011883 -0.145370 -0.107328 -0.023887 -0.051427  0.019866  \n",
       "Weapon           -0.138614  0.015817  0.032442  0.002922  0.018690  0.064539  \n",
       "AgentType         0.003191  0.082689  0.204692  0.005343  0.156194 -0.044611  \n",
       "Source            0.210987  0.012448 -0.007446 -0.207488  0.004162 -0.021999  \n",
       "YearInterval      1.000000  0.043006 -0.054017  0.006667 -0.002010 -0.066821  \n",
       "OffAge            0.043006  1.000000  0.079962  0.010075  0.129658  0.025846  \n",
       "VicRace          -0.054017  0.079962  1.000000 -0.009041  0.577342 -0.051626  \n",
       "State             0.006667  0.010075 -0.009041  1.000000 -0.027641 -0.020784  \n",
       "OffRace          -0.002010  0.129658  0.577342 -0.027641  1.000000 -0.044010  \n",
       "Homicide         -0.066821  0.025846 -0.051626 -0.020784 -0.044010  1.000000  "
      ]
     },
     "execution_count": 6,
     "metadata": {},
     "output_type": "execute_result"
    }
   ],
   "source": [
    "selected_corr_matrix = selected_features.corr()\n",
    "selected_corr_matrix"
   ]
  },
  {
   "cell_type": "code",
   "execution_count": 7,
   "metadata": {},
   "outputs": [
    {
     "data": {
      "text/html": [
       "<div>\n",
       "<style scoped>\n",
       "    .dataframe tbody tr th:only-of-type {\n",
       "        vertical-align: middle;\n",
       "    }\n",
       "\n",
       "    .dataframe tbody tr th {\n",
       "        vertical-align: top;\n",
       "    }\n",
       "\n",
       "    .dataframe thead th {\n",
       "        text-align: right;\n",
       "    }\n",
       "</style>\n",
       "<table border=\"1\" class=\"dataframe\">\n",
       "  <thead>\n",
       "    <tr style=\"text-align: right;\">\n",
       "      <th></th>\n",
       "      <th>Relationship</th>\n",
       "      <th>Solved</th>\n",
       "      <th>OffSex</th>\n",
       "      <th>Situation</th>\n",
       "      <th>Circumstance</th>\n",
       "      <th>OffEthnic</th>\n",
       "      <th>VicSex</th>\n",
       "      <th>Weapon</th>\n",
       "      <th>AgentType</th>\n",
       "      <th>Source</th>\n",
       "      <th>YearInterval</th>\n",
       "      <th>OffAge</th>\n",
       "      <th>VicRace</th>\n",
       "      <th>State</th>\n",
       "      <th>OffRace</th>\n",
       "      <th>Homicide</th>\n",
       "    </tr>\n",
       "  </thead>\n",
       "  <tbody>\n",
       "    <tr>\n",
       "      <th>0</th>\n",
       "      <td>1</td>\n",
       "      <td>1</td>\n",
       "      <td>1</td>\n",
       "      <td>0</td>\n",
       "      <td>24</td>\n",
       "      <td>0</td>\n",
       "      <td>2</td>\n",
       "      <td>8</td>\n",
       "      <td>3</td>\n",
       "      <td>0</td>\n",
       "      <td>0</td>\n",
       "      <td>55</td>\n",
       "      <td>0</td>\n",
       "      <td>1</td>\n",
       "      <td>0</td>\n",
       "      <td>1</td>\n",
       "    </tr>\n",
       "    <tr>\n",
       "      <th>1</th>\n",
       "      <td>1</td>\n",
       "      <td>1</td>\n",
       "      <td>2</td>\n",
       "      <td>0</td>\n",
       "      <td>12</td>\n",
       "      <td>0</td>\n",
       "      <td>2</td>\n",
       "      <td>15</td>\n",
       "      <td>1</td>\n",
       "      <td>0</td>\n",
       "      <td>0</td>\n",
       "      <td>67</td>\n",
       "      <td>2</td>\n",
       "      <td>0</td>\n",
       "      <td>2</td>\n",
       "      <td>1</td>\n",
       "    </tr>\n",
       "    <tr>\n",
       "      <th>2</th>\n",
       "      <td>1</td>\n",
       "      <td>1</td>\n",
       "      <td>2</td>\n",
       "      <td>0</td>\n",
       "      <td>22</td>\n",
       "      <td>0</td>\n",
       "      <td>1</td>\n",
       "      <td>15</td>\n",
       "      <td>1</td>\n",
       "      <td>0</td>\n",
       "      <td>0</td>\n",
       "      <td>53</td>\n",
       "      <td>2</td>\n",
       "      <td>0</td>\n",
       "      <td>2</td>\n",
       "      <td>1</td>\n",
       "    </tr>\n",
       "    <tr>\n",
       "      <th>3</th>\n",
       "      <td>1</td>\n",
       "      <td>1</td>\n",
       "      <td>1</td>\n",
       "      <td>0</td>\n",
       "      <td>24</td>\n",
       "      <td>0</td>\n",
       "      <td>2</td>\n",
       "      <td>8</td>\n",
       "      <td>1</td>\n",
       "      <td>0</td>\n",
       "      <td>0</td>\n",
       "      <td>35</td>\n",
       "      <td>2</td>\n",
       "      <td>0</td>\n",
       "      <td>2</td>\n",
       "      <td>1</td>\n",
       "    </tr>\n",
       "    <tr>\n",
       "      <th>4</th>\n",
       "      <td>1</td>\n",
       "      <td>1</td>\n",
       "      <td>1</td>\n",
       "      <td>0</td>\n",
       "      <td>10</td>\n",
       "      <td>0</td>\n",
       "      <td>2</td>\n",
       "      <td>16</td>\n",
       "      <td>1</td>\n",
       "      <td>0</td>\n",
       "      <td>0</td>\n",
       "      <td>25</td>\n",
       "      <td>5</td>\n",
       "      <td>0</td>\n",
       "      <td>5</td>\n",
       "      <td>1</td>\n",
       "    </tr>\n",
       "    <tr>\n",
       "      <th>...</th>\n",
       "      <td>...</td>\n",
       "      <td>...</td>\n",
       "      <td>...</td>\n",
       "      <td>...</td>\n",
       "      <td>...</td>\n",
       "      <td>...</td>\n",
       "      <td>...</td>\n",
       "      <td>...</td>\n",
       "      <td>...</td>\n",
       "      <td>...</td>\n",
       "      <td>...</td>\n",
       "      <td>...</td>\n",
       "      <td>...</td>\n",
       "      <td>...</td>\n",
       "      <td>...</td>\n",
       "      <td>...</td>\n",
       "    </tr>\n",
       "    <tr>\n",
       "      <th>868475</th>\n",
       "      <td>1</td>\n",
       "      <td>1</td>\n",
       "      <td>2</td>\n",
       "      <td>4</td>\n",
       "      <td>21</td>\n",
       "      <td>1</td>\n",
       "      <td>2</td>\n",
       "      <td>7</td>\n",
       "      <td>5</td>\n",
       "      <td>0</td>\n",
       "      <td>2</td>\n",
       "      <td>26</td>\n",
       "      <td>5</td>\n",
       "      <td>50</td>\n",
       "      <td>5</td>\n",
       "      <td>1</td>\n",
       "    </tr>\n",
       "    <tr>\n",
       "      <th>868476</th>\n",
       "      <td>1</td>\n",
       "      <td>1</td>\n",
       "      <td>2</td>\n",
       "      <td>0</td>\n",
       "      <td>1</td>\n",
       "      <td>1</td>\n",
       "      <td>1</td>\n",
       "      <td>9</td>\n",
       "      <td>1</td>\n",
       "      <td>0</td>\n",
       "      <td>2</td>\n",
       "      <td>34</td>\n",
       "      <td>5</td>\n",
       "      <td>50</td>\n",
       "      <td>5</td>\n",
       "      <td>0</td>\n",
       "    </tr>\n",
       "    <tr>\n",
       "      <th>868477</th>\n",
       "      <td>1</td>\n",
       "      <td>1</td>\n",
       "      <td>2</td>\n",
       "      <td>4</td>\n",
       "      <td>22</td>\n",
       "      <td>1</td>\n",
       "      <td>1</td>\n",
       "      <td>7</td>\n",
       "      <td>1</td>\n",
       "      <td>0</td>\n",
       "      <td>2</td>\n",
       "      <td>51</td>\n",
       "      <td>5</td>\n",
       "      <td>50</td>\n",
       "      <td>5</td>\n",
       "      <td>1</td>\n",
       "    </tr>\n",
       "    <tr>\n",
       "      <th>868478</th>\n",
       "      <td>1</td>\n",
       "      <td>1</td>\n",
       "      <td>2</td>\n",
       "      <td>4</td>\n",
       "      <td>22</td>\n",
       "      <td>1</td>\n",
       "      <td>1</td>\n",
       "      <td>7</td>\n",
       "      <td>1</td>\n",
       "      <td>0</td>\n",
       "      <td>2</td>\n",
       "      <td>51</td>\n",
       "      <td>5</td>\n",
       "      <td>50</td>\n",
       "      <td>5</td>\n",
       "      <td>1</td>\n",
       "    </tr>\n",
       "    <tr>\n",
       "      <th>868479</th>\n",
       "      <td>1</td>\n",
       "      <td>1</td>\n",
       "      <td>2</td>\n",
       "      <td>0</td>\n",
       "      <td>24</td>\n",
       "      <td>1</td>\n",
       "      <td>1</td>\n",
       "      <td>7</td>\n",
       "      <td>5</td>\n",
       "      <td>0</td>\n",
       "      <td>2</td>\n",
       "      <td>50</td>\n",
       "      <td>5</td>\n",
       "      <td>50</td>\n",
       "      <td>5</td>\n",
       "      <td>1</td>\n",
       "    </tr>\n",
       "  </tbody>\n",
       "</table>\n",
       "<p>868480 rows × 16 columns</p>\n",
       "</div>"
      ],
      "text/plain": [
       "        Relationship  Solved  OffSex  Situation  Circumstance  OffEthnic  \\\n",
       "0                  1       1       1          0            24          0   \n",
       "1                  1       1       2          0            12          0   \n",
       "2                  1       1       2          0            22          0   \n",
       "3                  1       1       1          0            24          0   \n",
       "4                  1       1       1          0            10          0   \n",
       "...              ...     ...     ...        ...           ...        ...   \n",
       "868475             1       1       2          4            21          1   \n",
       "868476             1       1       2          0             1          1   \n",
       "868477             1       1       2          4            22          1   \n",
       "868478             1       1       2          4            22          1   \n",
       "868479             1       1       2          0            24          1   \n",
       "\n",
       "        VicSex  Weapon  AgentType  Source  YearInterval  OffAge  VicRace  \\\n",
       "0            2       8          3       0             0      55        0   \n",
       "1            2      15          1       0             0      67        2   \n",
       "2            1      15          1       0             0      53        2   \n",
       "3            2       8          1       0             0      35        2   \n",
       "4            2      16          1       0             0      25        5   \n",
       "...        ...     ...        ...     ...           ...     ...      ...   \n",
       "868475       2       7          5       0             2      26        5   \n",
       "868476       1       9          1       0             2      34        5   \n",
       "868477       1       7          1       0             2      51        5   \n",
       "868478       1       7          1       0             2      51        5   \n",
       "868479       1       7          5       0             2      50        5   \n",
       "\n",
       "        State  OffRace  Homicide  \n",
       "0           1        0         1  \n",
       "1           0        2         1  \n",
       "2           0        2         1  \n",
       "3           0        2         1  \n",
